<?xml version="1.0"?>
<opencv_storage>
<calibration_Time>"Sat Oct 18 21:25:43 2014"</calibration_Time>
<nrOfFrames>11</nrOfFrames>
<image_Width>3264</image_Width>
<image_Height>2448</image_Height>
<board_Width>9</board_Width>
<board_Height>6</board_Height>
<square_Size>7056.</square_Size>
<FixAspectRatio>1.</FixAspectRatio>
<!-- flags:  +fix_aspectRatio +fix_principal_point +zero_tangent_dist -->
<flagValue>14</flagValue>
<Camera_Matrix type_id="opencv-matrix">
  <rows>3</rows>
  <cols>3</cols>
  <dt>d</dt>
  <data>
    2.8085649710868952e+03 0. 1.6315000000000000e+03 0.
    2.8085649710868952e+03 1.2235000000000000e+03 0. 0. 1.</data></Camera_Matrix>
<Distortion_Coefficients type_id="opencv-matrix">
  <rows>5</rows>
  <cols>1</cols>
  <dt>d</dt>
  <data>
    8.9284369270746372e-02 7.0738857919465226e-01 0. 0.
    -2.9541576784332291e+00</data></Distortion_Coefficients>
<Avg_Reprojection_Error>2.7211941648670606e+00</Avg_Reprojection_Error>
<Per_View_Reprojection_Errors type_id="opencv-matrix">
  <rows>11</rows>
  <cols>1</cols>
  <dt>f</dt>
  <data>
    4.40531158e+00 2.61124229e+00 1.62290967e+00 1.62913263e+00
    3.18155885e+00 1.03744173e+00 2.16471362e+00 3.18876362e+00
    3.04270840e+00 3.08966565e+00 2.25470614e+00</data></Per_View_Reprojection_Errors>
<!-- a set of 6-tuples (rotation vector + translation vector) for each view -->
<Extrinsic_Parameters type_id="opencv-matrix">
  <rows>11</rows>
  <cols>6</cols>
  <dt>d</dt>
  <data>
    -9.5459546832012493e-02 -1.1772001123271905e+00
    3.0645355876181436e-02 -6.0371199006077513e+04
    -4.6869776907551939e+04 1.7812231423574817e+05
    5.5979637314697794e-01 6.2374393668690620e-01
    -1.4595663902895439e+00 -3.8941802029934777e+04
    3.1310118570019855e+04 1.9718859274907457e+05
    -4.6259700932664177e-01 -4.3604605542120328e-01
    -1.5613247034917599e+00 -4.1645017959187309e+04
    8.7524033900411378e+03 1.8041329826729346e+05
    -4.6962033567051864e-01 5.5248798749806716e-01
    -1.5250903013204073e+00 -7.6218989036081533e+04
    1.5525987431380692e+04 2.9039384250569704e+05
    -3.4347093710388760e-01 4.9576324390692700e-01
    -1.5184537225777304e+00 -3.0793879400578735e+04
    2.5626183508977145e+04 1.2299992766248799e+05
    -6.2328939449885468e-01 -6.5175722635381972e-01
    -1.4171092432766261e+00 -5.4339827224811190e+04
    4.1375469278741359e+04 3.6973470112020650e+05
    -2.3265163431121297e-01 -3.7450932574354967e-01
    -7.3862943079486587e-01 -2.8531185717275479e+04
    -6.0041279651497953e+03 9.6840573560596895e+04
    -3.3186365216767982e-01 -8.1632848876326325e-01
    -5.7320034325199332e-01 -1.9233296710049679e+04
    -1.5911885248368355e+04 9.5905975296729244e+04
    -6.2395941717519843e-01 3.2131897372384322e-01
    -1.4744192597457235e+00 -4.0509355217296892e+04
    2.6337427341575742e+04 1.1316438973429402e+05 7.8718806876133229e-01
    -3.6667601556525881e-01 -9.5478045141416690e-01
    -3.4232667971021758e+04 3.2309608748223269e+04
    1.0965213190241453e+05 7.8131311108795420e-01 1.4507333562264582e-01
    -1.1502786289681626e+00 -5.0372018698011889e+04
    4.5311539606475089e+04 1.4894566560001508e+05</data></Extrinsic_Parameters>
<Image_points type_id="opencv-matrix">
  <rows>11</rows>
  <cols>54</cols>
  <dt>"2f"</dt>
  <data>
    6.62422852e+02 4.61357452e+02 7.41696106e+02 5.02716919e+02
    8.13469482e+02 5.40258301e+02 8.79353760e+02 5.74268005e+02
    9.39933777e+02 6.05276733e+02 9.97302673e+02 6.33255737e+02
    1.05327539e+03 6.58107361e+02 1.10686963e+03 6.80728149e+02
    1.15671619e+03 7.02003723e+02 6.58927673e+02 5.73260437e+02
    7.39431396e+02 6.09365784e+02 8.12953491e+02 6.41869263e+02
    8.80662659e+02 6.71218018e+02 9.42549805e+02 6.98230835e+02
    9.97413452e+02 7.23465759e+02 1.05438184e+03 7.45355042e+02
    1.10757361e+03 7.65179077e+02 1.15687793e+03 7.83974304e+02
    6.56304565e+02 6.86555542e+02 7.38322754e+02 7.17215027e+02
    8.13103882e+02 7.44809875e+02 8.81979004e+02 7.69751099e+02
    9.44682190e+02 7.92866699e+02 1.00113361e+03 8.14325989e+02
    1.05463464e+03 8.33804504e+02 1.10694238e+03 8.51221069e+02
    1.15674011e+03 8.67130371e+02 6.53824829e+02 8.02750366e+02
    7.36671875e+02 8.27950256e+02 8.12439880e+02 8.50703613e+02
    8.81921631e+02 8.71441895e+02 9.45166016e+02 8.90468140e+02
    1.00333472e+03 9.08113770e+02 1.05729089e+03 9.24044128e+02
    1.10860657e+03 9.38689514e+02 1.15797620e+03 9.51883789e+02
    6.54183533e+02 9.19791565e+02 7.37992126e+02 9.39585083e+02
    8.13662170e+02 9.57632874e+02 8.83412354e+02 9.73990356e+02
    9.47054626e+02 9.88860840e+02 1.00559607e+03 1.00259656e+03
    1.06029089e+03 1.01521368e+03 1.11142859e+03 1.02650867e+03
    1.15976917e+03 1.03714380e+03 6.58696411e+02 1.03875024e+03
    7.42682983e+02 1.05337329e+03 8.18707886e+02 1.06645776e+03
    8.87961670e+02 1.07836646e+03 9.51537354e+02 1.08910620e+03
    1.00984680e+03 1.09887476e+03 1.06451831e+03 1.10789685e+03
    1.11493896e+03 1.11628540e+03 1.16313281e+03 1.12384546e+03
    1.07230237e+03 1.67495654e+03 1.05970947e+03 1.60969617e+03
    1.04681335e+03 1.54111853e+03 1.03325903e+03 1.46869995e+03
    1.01875006e+03 1.39272656e+03 1.00316302e+03 1.31458203e+03
    9.85204407e+02 1.23374597e+03 9.65393616e+02 1.15050488e+03
    9.44675720e+02 1.06120093e+03 1.17335852e+03 1.67726660e+03
    1.16353577e+03 1.61252100e+03 1.15290063e+03 1.54463672e+03
    1.14175525e+03 1.47394214e+03 1.12990002e+03 1.39885181e+03
    1.11798450e+03 1.31747949e+03 1.10344714e+03 1.23761853e+03
    1.08806653e+03 1.15378625e+03 1.07147937e+03 1.06336621e+03
    1.27445728e+03 1.68073901e+03 1.26665015e+03 1.61646228e+03
    1.25890796e+03 1.54927820e+03 1.25023047e+03 1.47897241e+03
    1.24144299e+03 1.40468213e+03 1.23216418e+03 1.32455237e+03
    1.22201343e+03 1.24062842e+03 1.21064160e+03 1.15554956e+03
    1.19804028e+03 1.06541602e+03 1.37631287e+03 1.68367664e+03
    1.37123230e+03 1.61968127e+03 1.36558618e+03 1.55315283e+03
    1.36005518e+03 1.48269458e+03 1.35419336e+03 1.40832727e+03
    1.34777283e+03 1.32958740e+03 1.34110217e+03 1.24549036e+03
    1.33344910e+03 1.15926514e+03 1.32510889e+03 1.06827563e+03
    1.47694116e+03 1.68961194e+03 1.47449072e+03 1.62565930e+03
    1.47190161e+03 1.55812146e+03 1.46905322e+03 1.48769348e+03
    1.46604761e+03 1.41300183e+03 1.46275879e+03 1.33425305e+03
    1.45933496e+03 1.25085034e+03 1.45543262e+03 1.16422693e+03
    1.45117981e+03 1.07197974e+03 1.57766064e+03 1.69899121e+03
    1.57765918e+03 1.63483130e+03 1.57774231e+03 1.56679517e+03
    1.57788501e+03 1.49508325e+03 1.57803235e+03 1.42004346e+03
    1.57803882e+03 1.34092664e+03 1.57780994e+03 1.25748096e+03
    1.57759875e+03 1.16949597e+03 1.57743787e+03 1.07689758e+03
    9.78146362e+02 1.35836389e+03 9.88911804e+02 1.26526050e+03
    9.99222900e+02 1.17632629e+03 1.00924854e+03 1.09083679e+03
    1.01877917e+03 1.00916235e+03 1.02717456e+03 9.29284485e+02
    1.03476660e+03 8.50105286e+02 1.04138928e+03 7.72841980e+02
    1.04766016e+03 6.98070862e+02 1.08956885e+03 1.35523108e+03
    1.09776025e+03 1.26228174e+03 1.10571277e+03 1.17303601e+03
    1.11304712e+03 1.08631519e+03 1.12020679e+03 1.00425458e+03
    1.12742932e+03 9.26718140e+02 1.13320166e+03 8.47155518e+02
    1.13818066e+03 7.70515381e+02 1.14330884e+03 6.96468689e+02
    1.20054407e+03 1.35202271e+03 1.20623413e+03 1.25842957e+03
    1.21149146e+03 1.16850366e+03 1.21669214e+03 1.08224573e+03
    1.22163269e+03 9.99542847e+02 1.22666309e+03 9.21274963e+02
    1.23114563e+03 8.44749023e+02 1.23483789e+03 7.69405273e+02
    1.23826904e+03 6.95421082e+02 1.31194202e+03 1.34826648e+03
    1.31531885e+03 1.25490881e+03 1.31843030e+03 1.16504761e+03
    1.32143079e+03 1.07869336e+03 1.32422034e+03 9.96367188e+02
    1.32691431e+03 9.17049988e+02 1.32946777e+03 8.40950012e+02
    1.33170288e+03 7.66532776e+02 1.33361499e+03 6.93292847e+02
    1.42254626e+03 1.34308752e+03 1.42337183e+03 1.24964844e+03
